199.819	0.646747	
201.742	0.646347	
203.86	0.645965	
205.965	0.645555	
208.053	0.645304	
210.336	0.645002	
212.412	0.644806	
214.486	0.644472	
216.757	0.644263	
218.824	0.644043	
221.077	0.643855	
223.3	0.643701	
225.567	0.643563	
227.807	0.643417	
230.036	0.643291	
232.455	0.643184	
234.679	0.643105	
237.077	0.64301	
239.291	0.642925	
241.708	0.642805	
244.127	0.642701	
246.519	0.642589	
249.134	0.642502	
251.522	0.642416	
253.937	0.642301	
256.544	0.642064	
259.152	0.641975	
261.744	0.641795	
264.351	0.641583	
266.955	0.641485	
269.569	0.641136	
272.36	0.640941	
274.968	0.640743	
277.77	0.640557	
280.564	0.640347	
283.349	0.640072	
286.15	0.639966	
289.117	0.639668	
291.914	0.639546	
294.889	0.639334	
297.868	0.639142	
300.843	0.638872	
303.819	0.638712	
306.793	0.638486	
309.958	0.63823	
312.93	0.637983	
316.096	0.637752	
319.258	0.637516	
322.43	0.637275	
325.589	0.636939	
328.947	0.636683	
332.295	0.636409	
335.457	0.636163	
338.815	0.635851	
342.351	0.635513	
345.705	0.635242	
349.248	0.634958	
352.601	0.63463	
356.14	0.634304	
359.675	0.634033	
363.405	0.633647	
366.945	0.633389	
370.661	0.633043	
374.399	0.632702	
378.124	0.632378	
381.851	0.632014	
385.76	0.631536	
389.491	0.631326	
393.4	0.630933	
397.31	0.630542	
401.408	0.630116	
405.317	0.629783	
409.411	0.629403	
413.513	0.628978	
417.607	0.628513	
421.898	0.628117	
425.991	0.62773	
430.277	0.627258	
434.555	0.626847	
439.035	0.626368	
443.308	0.625896	
447.788	0.625422	
452.244	0.624954	
456.723	0.624475	
461.382	0.62395	
466.037	0.623448	
470.698	0.622923	
475.35	0.622465	
480.013	0.621918	
484.856	0.62141	
489.691	0.620848	
494.537	0.620359	
499.566	0.61975	
504.594	0.619177	
509.627	0.618608	
514.653	0.618085	
519.871	0.617438	
525.085	0.616849	
530.301	0.616167	
535.698	0.615542	
540.916	0.614937	
546.316	0.614213	
551.904	0.613551	
557.31	0.612897	
562.893	0.612243	
568.477	0.611546	
574.254	0.610795	
580.032	0.610146	
585.808	0.609362	
591.578	0.608652	
597.538	0.607813	
603.505	0.607073	
609.648	0.606292	
615.611	0.605507	
621.757	0.604773	
628.087	0.603941	
634.235	0.603021	
640.755	0.602137	
647.087	0.601298	
653.605	0.600431	
660.124	0.599527	
666.646	0.598738	
673.348	0.597761	
680.051	0.59679	
686.952	0.595865	
693.84	0.594956	
700.733	0.593912	
707.625	0.593048	
714.697	0.591961	
721.968	0.590956	
729.225	0.589934	
736.49	0.588877	
743.759	0.587865	
751.208	0.586757	
758.654	0.585668	
766.293	0.584555	
773.929	0.583408	
781.76	0.582276	
789.579	0.581095	
797.401	0.579927	
805.412	0.578731	
813.426	0.577538	
821.617	0.576328	
829.812	0.575135	
838.198	0.573795	
846.576	0.572527	
854.957	0.571287	
863.527	0.569935	
872.093	0.568621	
880.842	0.567267	
889.601	0.565937	
898.547	0.564541	
907.489	0.563109	
916.611	0.561655	
925.745	0.560275	
935.053	0.558844	
944.364	0.557325	
953.863	0.555887	
963.362	0.554388	
973.05	0.55288	
982.735	0.551325	
992.611	0.549736	
1002.48	0.548201	
1012.54	0.546608	
1022.6	0.544964	
1032.84	0.543306	
1043.27	0.541664	
1053.71	0.540031	
1064.13	0.538378	
1074.75	0.536612	
1085.56	0.534923	
1096.36	0.533161	
1107.35	0.531449	
1118.52	0.52968	
1129.7	0.527868	
1140.88	0.526062	
1152.42	0.524214	
1163.97	0.522373	
1175.53	0.520514	
1187.26	0.518641	
1199.18	0.516674	
1211.11	0.514795	
1223.2	0.512865	
1235.5	0.510975	
1247.8	0.509042	
1260.27	0.507022	
1272.94	0.505068	
1285.61	0.503028	
1298.46	0.501022	
1311.5	0.49887	
1324.54	0.496829	
1337.95	0.494762	
1351.17	0.492723	
1364.76	0.49055	
1378.37	0.488442	
1392.15	0.486331	
1406.12	0.484197	
1420.09	0.482043	
1434.43	0.479869	
1448.77	0.477677	
1463.3	0.475428	
1477.83	0.473254	
1492.54	0.470987	
1507.63	0.468722	
1522.54	0.466512	
1537.81	0.464223	
1553.27	0.461926	
1568.72	0.459657	
1584.37	0.457354	
1600.21	0.455055	
1616.22	0.452711	
1632.43	0.450368	
1648.83	0.448042	
1665.21	0.445669	
1681.98	0.443278	
1698.74	0.440929	
1715.7	0.438553	
1732.83	0.436221	
1750.15	0.433792	
1767.66	0.431387	
1785.36	0.428936	
1803.23	0.426529	
1821.3	0.424122	
1839.55	0.421669	
1857.81	0.419269	
1876.44	0.416791	
1895.25	0.414387	
1914.26	0.411879	
1933.24	0.409497	
1952.63	0.40698	
1972.18	0.404505	
1991.92	0.402059	
2011.85	0.399592	
2031.97	0.397166	
2052.27	0.394671	
2072.76	0.392192	
2093.44	0.389695	
2114.49	0.38718	
2135.53	0.384714	
2156.96	0.382258	
2178.56	0.379735	
2200.36	0.377288	
2222.33	0.374757	
2244.5	0.372295	
2267.04	0.369857	
2289.58	0.367371	
2312.49	0.364887	
2335.58	0.362438	
2359.06	0.359947	
2382.71	0.357477	
2406.37	0.355042	
2430.58	0.352524	
2454.79	0.350117	
2479.38	0.347638	
2504.15	0.345188	
2529.11	0.342743	
2554.44	0.340306	
2579.96	0.337862	
2605.86	0.335429	
2631.94	0.333032	
2658.2	0.330604	
2684.83	0.328136	
2711.66	0.325735	
2738.85	0.323366	
2766.23	0.320971	
2793.8	0.31861	
2821.74	0.316215	
2850.05	0.313834	
2878.55	0.311461	
2907.23	0.309091	
2936.29	0.30676	
2965.72	0.304416	
2995.34	0.30209	
3025.33	0.299759	
3055.5	0.297449	
3086.04	0.29518	
3116.97	0.292853	
3148.08	0.290547	
3179.56	0.288261	
3211.41	0.286009	
3243.44	0.283748	
3276.04	0.281489	
3308.64	0.27926	
3341.79	0.277008	
3375.13	0.274811	
3409.03	0.272587	
3443.12	0.270393	
3477.58	0.268214	
3512.22	0.266058	
3547.43	0.263877	
3582.82	0.261723	
3618.76	0.259586	
3654.9	0.257424	
3691.41	0.255343	
3728.29	0.253191	
3765.55	0.251122	
3803.36	0.24904	
3841.36	0.246978	
3879.72	0.244923	
3918.47	0.242847	
3957.77	0.240825	
3997.26	0.2388	
4037.31	0.236757	
4077.72	0.234779	
4118.33	0.232797	
4159.68	0.230789	
4201.22	0.228833	
4243.12	0.226861	
4285.59	0.224955	
4328.44	0.223017	
4371.83	0.221107	
4415.42	0.219217	
4459.57	0.217339	
4504.28	0.215443	
4549.35	0.213583	
4594.8	0.211732	
4640.8	0.209881	
4687.19	0.208052	
4733.94	0.206238	
4781.43	0.204442	
4829.13	0.202632	
4877.36	0.200878	
4926.16	0.199089	
4975.52	0.197338	
5025.26	0.195583	
5075.55	0.193861	
5126.21	0.192144	
5177.44	0.190426	
5229.21	0.188743	
5281.56	0.187077	
5334.46	0.185402	
5387.73	0.183749	
5441.57	0.182096	
5495.95	0.180452	
5551.09	0.178845	
5606.59	0.177241	
5662.66	0.175647	
5719.28	0.174063	
5776.46	0.172484	
5834.21	0.17093	
5892.51	0.169369	
5951.36	0.167839	
6010.97	0.16631	
6071.15	0.164797	
6131.68	0.163291	
6193.14	0.161813	
6254.98	0.160324	
6317.57	0.158866	
6380.72	0.157428	
6444.6	0.155972	
6509.04	0.154545	
6574.06	0.15313	
6639.8	0.151723	
6706.3	0.150339	
6773.36	0.148947	
6840.98	0.147582	
6909.33	0.14622	
6978.44	0.14487	
7048.28	0.143524	
7118.7	0.142206	
7190.04	0.140887	
7261.94	0.139574	
7334.58	0.138283	
7407.78	0.136986	
7481.91	0.135706	
7556.8	0.134465	
7632.23	0.13319	
7708.6	0.131951	
7785.71	0.130724	
7863.58	0.129494	
7942.17	0.128273	
8021.71	0.127071	
8101.81	0.125887	
8182.83	0.124714	
8264.6	0.123538	
8347.31	0.122374	
8430.75	0.121227	
8515.13	0.120082	
8600.25	0.118955	
8686.31	0.117824	
8773.11	0.116701	
8860.84	0.115593	
8949.51	0.11452	
9038.91	0.113424	
9129.43	0.112355	
9220.7	0.111295	
9312.91	0.110229	
9406.03	0.109187	
9500.11	0.10815	
9595.1	0.10712	
9691.02	0.106106	
9787.88	0.105094	
9885.86	0.104079	
9984.58	0.103098	
10084.4	0.102117	
10185.4	0.101132	
10287.3	0.10017	
10390.1	0.0992119	
10494	0.0982625	
10598.9	0.0973171	
10704.9	0.0963867	
10812	0.0954581	
10920	0.0945529	
11029.3	0.0936375	
11139.6	0.092745	
11251	0.091832	
11363.5	0.0909692	
11477.1	0.0900999	
11591.9	0.0892289	
11707.7	0.0883639	
11824.9	0.0875101	
11943.2	0.0866642	
12062.6	0.0858433	
12183.1	0.085012	
12305.1	0.0841862	
12428	0.0833653	
12552.2	0.0825632	
12677.8	0.0817688	
12804.6	0.0809737	
12932.6	0.080191	
13062.1	0.079415	
13192.6	0.078633	
13324.5	0.0778806	
13457.9	0.0771203	
13592.4	0.0763761	
13728.3	0.0756322	
13865.6	0.074891	
14004.2	0.0741634	
14144.3	0.0734415	
14285.6	0.0727268	
14428.5	0.0720179	
14572.9	0.0713141	
14718.5	0.0706207	
14865.9	0.0699169	
15014.5	0.0692422	
15164.6	0.0685577	
15316.3	0.0678861	
15469.4	0.0672279	
15624.1	0.0665743	
15780.2	0.0659116	
15938.2	0.0652653	
16097.4	0.0646186	
16258.6	0.0639906	
16421	0.0633617	
16585.3	0.0627407	
16751	0.0621259	
16918.7	0.0615061	
17087.8	0.0609117	
17258.6	0.0603048	
17431.3	0.059714	
17605.6	0.0591229	
17781.7	0.0585335	
17959.5	0.0579627	
18139.1	0.0573895	
18320.5	0.0568177	
18503.6	0.056255	
18688.7	0.0556899	
18875.6	0.0551495	
19064.3	0.054584	
19255	0.0540588	
19447.6	0.0535184	
19642.1	0.0529862	
19838.4	0.0524594	
20036.8	0.0519427	
20036.8	0.0519352	
20036.8	0.0519366	
20036.8	0.0519386	
20036.8	0.0519389	
20036.8	0.0519436	
20036.8	0.0519433	
20036.8	0.0519454	
20036.8	0.051947	
20036.8	0.0519517	
20036.8	0.0519582	
20036.8	0.0519551	
20036.8	0.0519571	
20036.8	0.0519663	
20036.8	0.0519673	
20036.8	0.0519585	
20036.8	0.0519669	
20036.8	0.051964	
20036.8	0.0519707	
20036.8	0.0519696	
20036.8	0.051971	
20036.8	0.0519657	
20036.8	0.0519772	
20036.8	0.0519689	
20036.8	0.0519685	
20036.8	0.051972	
20036.8	0.0519743	
20036.8	0.0519732	
20036.8	0.0519815	
20036.8	0.0519862	
20036.8	0.0519866	
