199.633	0.074652	
201.689	0.0753389	
203.985	0.0760072	
206.025	0.0767646	
207.673	0.077616	
210.027	0.0783849	
212.089	0.0791248	
213.824	0.079948	
216.3	0.0806984	
218.555	0.0813879	
220.661	0.0822698	
222.937	0.0830024	
225.613	0.083711	
227.491	0.0846491	
230.052	0.0853215	
232.214	0.0862753	
234.587	0.0871044	
236.924	0.0879683	
239.347	0.0888002	
241.624	0.0896697	
243.992	0.0905586	
246.632	0.0914709	
248.908	0.0924496	
251.475	0.0932894	
254.058	0.0941753	
256.283	0.0951754	
259.109	0.0961119	
261.738	0.0970142	
264.198	0.0980099	
266.806	0.0989496	
269.577	0.0999207	
272.194	0.100896	
274.888	0.101887	
277.666	0.102855	
280.632	0.103818	
283.319	0.104845	
285.993	0.105904	
289.185	0.106848	
292.028	0.107949	
294.918	0.108961	
297.698	0.110047	
300.772	0.111137	
303.728	0.112201	
306.866	0.113308	
310.018	0.114414	
312.845	0.11548	
316.159	0.116667	
319.183	0.117809	
322.429	0.118882	
325.668	0.120064	
328.965	0.121237	
332.318	0.122419	
335.473	0.123585	
338.849	0.124807	
342.398	0.125961	
345.673	0.127191	
349.267	0.128439	
352.654	0.129697	
356.191	0.130918	
359.704	0.132176	
363.414	0.133491	
366.962	0.134734	
370.688	0.136	
374.449	0.137308	
378.145	0.138641	
381.826	0.140008	
385.694	0.141391	
389.541	0.142623	
393.373	0.144033	
397.325	0.14539	
401.39	0.146867	
405.312	0.148151	
409.411	0.149615	
413.488	0.15107	
417.613	0.152462	
421.891	0.153908	
426.011	0.155317	
430.264	0.156904	
434.534	0.158431	
439.031	0.159836	
443.288	0.16141	
447.796	0.162859	
452.28	0.164429	
456.712	0.16595	
461.368	0.167474	
466.11	0.16913	
470.674	0.170687	
475.357	0.17231	
480.016	0.173904	
484.847	0.175596	
489.712	0.177215	
494.506	0.178878	
499.552	0.180505	
504.582	0.182179	
509.613	0.183924	
514.679	0.185563	
519.888	0.1873	
525.094	0.18905	
530.318	0.19079	
535.695	0.192561	
540.895	0.194303	
546.3	0.196146	
551.887	0.197991	
557.295	0.199726	
562.913	0.20157	
568.497	0.203322	
574.288	0.205278	
580.034	0.207184	
585.814	0.208999	
591.591	0.210928	
597.521	0.212822	
603.508	0.214731	
609.645	0.216698	
615.604	0.218649	
621.764	0.220608	
628.078	0.222638	
634.251	0.224593	
640.746	0.226583	
647.112	0.228576	
653.612	0.230637	
660.119	0.232685	
666.636	0.234731	
673.374	0.236775	
680.076	0.238867	
686.952	0.241041	
693.838	0.243126	
700.741	0.245196	
707.613	0.247293	
714.707	0.249484	
721.946	0.251633	
729.234	0.253783	
736.475	0.255952	
743.791	0.258128	
751.197	0.260377	
758.685	0.262596	
766.297	0.264781	
773.934	0.267067	
781.776	0.269314	
789.553	0.271538	
797.407	0.273776	
805.416	0.276065	
813.44	0.278415	
821.616	0.280726	
829.82	0.283009	
838.186	0.285423	
846.573	0.287817	
854.966	0.290105	
863.506	0.292472	
872.075	0.294781	
880.874	0.297167	
889.615	0.29955	
898.521	0.301951	
907.484	0.304427	
916.605	0.306744	
925.758	0.30919	
935.034	0.31155	
944.378	0.31414	
953.855	0.316493	
963.372	0.318977	
973.042	0.32146	
982.739	0.323827	
992.617	0.326362	
1002.49	0.328853	
1012.54	0.331304	
1022.58	0.33384	
1032.83	0.336376	
1043.27	0.33896	
1053.71	0.341455	
1064.13	0.343933	
1074.76	0.346426	
1085.56	0.348914	
1096.36	0.351466	
1107.37	0.354018	
1118.53	0.356585	
1129.7	0.359065	
1140.87	0.36166	
1152.4	0.364172	
1163.97	0.366654	
1175.54	0.369181	
1187.25	0.371656	
1199.17	0.374349	
1211.1	0.376769	
1223.22	0.37933	
1235.51	0.381903	
1247.79	0.384423	
1260.28	0.386923	
1272.94	0.389438	
1285.61	0.391977	
1298.48	0.394545	
1311.5	0.397108	
1324.53	0.399595	
1337.95	0.402135	
1351.17	0.404673	
1364.75	0.407179	
1378.36	0.409697	
1392.14	0.412102	
1406.12	0.414611	
1420.07	0.417066	
1434.43	0.4196	
1448.76	0.422021	
1463.31	0.424485	
1477.84	0.426917	
1492.55	0.429395	
1507.65	0.431855	
1522.52	0.434217	
1537.81	0.43671	
1553.29	0.43912	
1568.72	0.44156	
1584.37	0.443885	
1600.21	0.446203	
1616.24	0.448662	
1632.42	0.451015	
1648.81	0.453285	
1665.2	0.455786	
1681.97	0.458047	
1698.76	0.460344	
1715.69	0.46261	
1732.83	0.464925	
1750.15	0.46712	
1767.66	0.469409	
1785.34	0.471628	
1803.25	0.473892	
1821.31	0.476063	
1839.56	0.478262	
1857.82	0.480464	
1876.42	0.482615	
1895.26	0.484826	
1914.26	0.486895	
1933.25	0.488994	
1952.61	0.491129	
1972.16	0.493199	
1991.94	0.495315	
2011.86	0.497391	
2031.97	0.499464	
2052.28	0.501422	
2072.77	0.503347	
2093.45	0.505385	
2114.48	0.507437	
2135.53	0.509343	
2156.96	0.511326	
2178.57	0.513168	
2200.36	0.515037	
2222.33	0.516982	
2244.51	0.518823	
2267.04	0.520651	
2289.59	0.522528	
2312.49	0.524399	
2335.59	0.526143	
2359.04	0.5279	
2382.71	0.529672	
2406.36	0.531346	
2430.59	0.533056	
2454.8	0.534885	
2479.39	0.536547	
2504.14	0.538131	
2529.12	0.53979	
2554.44	0.541428	
2579.97	0.542923	
2605.86	0.544691	
2631.94	0.54622	
2658.2	0.547692	
2684.84	0.549181	
2711.65	0.550806	
2738.86	0.552352	
2766.24	0.553879	
2793.8	0.555194	
2821.73	0.556657	
2850.06	0.558097	
2878.55	0.559568	
2907.24	0.560914	
2936.29	0.562294	
2965.73	0.563669	
2995.33	0.564979	
3025.34	0.566285	
3055.51	0.567651	
3086.04	0.568834	
3116.95	0.570284	
3148.06	0.57143	
3179.54	0.572665	
3211.41	0.573914	
3243.45	0.574999	
3276.04	0.57622	
3308.64	0.57732	
3341.79	0.578534	
3375.13	0.579649	
3409.02	0.580712	
3443.14	0.581794	
3477.6	0.582912	
3512.23	0.584038	
3547.42	0.585112	
3582.82	0.586137	
3618.77	0.587148	
3654.9	0.588279	
3691.4	0.589197	
3728.3	0.590228	
3765.55	0.591126	
3803.35	0.592086	
3841.36	0.592969	
3879.73	0.594009	
3918.49	0.594871	
3957.76	0.595733	
3997.26	0.596619	
4037.3	0.59746	
4077.72	0.598443	
4118.32	0.599257	
4159.69	0.600074	
4201.22	0.600922	
4243.12	0.601631	
4285.61	0.602534	
4328.44	0.603172	
4371.83	0.603965	
4415.43	0.604851	
4459.58	0.60545	
4504.27	0.606153	
4549.35	0.606966	
4594.8	0.607713	
4640.8	0.608306	
4687.17	0.608997	
4733.94	0.609718	
4781.45	0.610315	
4829.12	0.610956	
4877.36	0.611638	
4926.17	0.6123	
4975.51	0.612946	
5025.26	0.613507	
5075.55	0.613973	
5126.2	0.614753	
5177.45	0.615378	
5229.22	0.615764	
5281.56	0.61636	
5334.46	0.616904	
5387.73	0.617526	
5441.56	0.618023	
5495.95	0.618438	
5551.08	0.619031	
5606.6	0.619545	
5662.65	0.620033	
5719.28	0.620499	
5776.47	0.620956	
5834.2	0.621396	
5892.51	0.621902	
5951.38	0.622363	
6010.98	0.622784	
6071.13	0.62315	
6131.67	0.623638	
6193.16	0.624002	
6254.98	0.624355	
6317.57	0.624834	
6380.72	0.62532	
6444.59	0.625651	
6509.06	0.626002	
6574.06	0.626456	
6639.81	0.626775	
6706.31	0.627118	
6773.37	0.627438	
6840.97	0.627804	
6909.33	0.628072	
6978.44	0.628482	
7048.29	0.628852	
7118.71	0.629199	
7190.04	0.629443	
7261.95	0.62983	
7334.58	0.630186	
7407.77	0.63046	
7481.91	0.630695	
7556.8	0.631027	
7632.24	0.63134	
7708.59	0.631543	
7785.71	0.631768	
7863.57	0.632108	
7942.18	0.632299	
8021.71	0.632588	
8101.81	0.632872	
8182.83	0.633091	
8264.61	0.633241	
8347.3	0.633531	
8430.75	0.63384	
8515.13	0.634123	
8600.26	0.634191	
8686.32	0.634493	
8773.11	0.634674	
8860.84	0.634928	
8949.51	0.635197	
9038.9	0.635378	
9129.43	0.63553	
9220.7	0.63572	
9312.91	0.635829	
9406.04	0.636082	
9500.1	0.636206	
9595.08	0.636354	
9691.03	0.6366	
9787.89	0.636714	
9885.86	0.63697	
9984.58	0.63708	
10084.4	0.637251	
10185.4	0.637443	
10287.3	0.637583	
10390.1	0.637723	
10494	0.637797	
10598.9	0.638053	
10704.9	0.638151	
10812	0.638288	
10920	0.638424	
11029.3	0.638569	
11139.6	0.638672	
11251	0.638774	
11363.5	0.639019	
11477.1	0.639124	
11591.9	0.639308	
11707.7	0.639309	
11824.9	0.639444	
11943.2	0.639644	
12062.6	0.63984	
12183.1	0.639861	
12305.1	0.639947	
12428	0.639992	
12552.2	0.640114	
12677.8	0.640274	
12804.6	0.640321	
12932.6	0.640349	
13062	0.640567	
13192.6	0.640653	
13324.5	0.640672	
13457.9	0.640753	
13592.4	0.640865	
13728.3	0.641011	
13865.6	0.641098	
14004.2	0.641181	
14144.3	0.641185	
14285.6	0.641343	
14428.5	0.641382	
14572.9	0.641431	
14718.5	0.641483	
14865.8	0.641592	
15014.5	0.641688	
15164.6	0.641711	
15316.2	0.641797	
15469.3	0.641854	
15624.1	0.641997	
15780.2	0.642051	
15938.2	0.642115	
16097.4	0.642076	
16258.6	0.642224	
16421	0.642279	
16585.3	0.642335	
16751.1	0.642344	
16918.7	0.64245	
17087.8	0.642521	
17258.6	0.64251	
17431.3	0.642631	
17605.6	0.642681	
17781.7	0.642755	
17959.5	0.642716	
18139.1	0.642787	
18320.5	0.642837	
18503.6	0.64295	
18688.8	0.642974	
18875.6	0.643005	
19064.3	0.64291	
19255	0.642976	
19447.6	0.643121	
19642.1	0.64322	
19838.4	0.643107	
20036.8	0.643254	
20036.8	0.643137	
20036.8	0.643264	
20036.8	0.643251	
20036.8	0.643274	
20036.8	0.643185	
20036.8	0.643219	
20036.8	0.643197	
20036.8	0.643128	
20036.8	0.643249	
20036.8	0.643227	
20036.8	0.643206	
20036.8	0.643239	
20036.8	0.643266	
20036.8	0.643235	
20036.8	0.643188	
20036.8	0.643232	
20036.8	0.643179	
20036.8	0.643165	
20036.8	0.643214	
20036.8	0.643185	
20036.8	0.643176	
20036.8	0.643204	
20036.8	0.643184	
20036.8	0.643238	
