Frequency - Fase	Phase - Fase	
200,026009	181,685	
201,905349	181,645	
203,976399	181,603	
206,070742	181,524	
208,125739	181,517	
210,390478	181,432	
212,467545	181,389	
214,549885	181,326	
216,833095	181,216	
218,858945	181,23	
221,130339	181,151	
223,333873	181,155	
225,570299	181,08	
227,797327	-178,958	
230,041611	-178,992	
232,471001	-179,043	
234,676121	-179,049	
237,064041	-179,047	
239,326068	-179,131	
241,727739	-179,137	
244,129966	-179,185	
246,541313	-179,178	
249,113534	-179,181	
251,535296	-179,217	
253,945301	-179,244	
256,54575	-179,275	
259,148166	-179,308	
261,752341	-179,347	
264,362363	-179,391	
266,96074	-179,424	
269,573317	-179,479	
272,361164	-179,527	
274,973604	-179,574	
277,765783	-179,637	
280,569275	-179,685	
283,361695	-179,729	
286,147428	-179,761	
289,125535	-179,825	
291,923126	-179,849	
294,887389	-179,864	
297,866138	-179,917	
300,83706	-179,938	
303,811808	181,306	
306,788682	181,31	
309,961635	181,287	
312,925979	181,308	
316,096724	181,315	
319,256515	181,325	
322,430334	181,306	
325,590563	181,315	
328,934693	181,322	
332,299673	181,302	
335,462095	181,325	
338,812776	181,309	
342,36408	181,297	
345,707055	181,291	
349,247898	181,324	
352,601484	181,315	
356,143173	181,28	
359,676609	181,274	
363,405889	181,295	
366,943164	181,306	
370,674445	181,324	
374,398833	181,288	
378,117351	-178,678	
381,851464	-178,709	
385,76506	-178,709	
389,490137	-178,7	
393,398076	-178,683	
397,308702	-178,687	
401,409314	-178,68	
405,319369	-178,672	
409,415968	-178,673	
413,511473	-178,697	
417,611902	-178,679	
421,895997	-178,706	
425,98967	-178,7	
430,272678	-178,691	
434,560038	-178,673	
439,021176	-178,672	
443,316822	-178,688	
447,782821	-178,679	
452,257745	-178,695	
456,72043	181,32	
461,384652	181,313	
466,038073	181,336	
470,687142	181,33	
475,351355	181,319	
480,005326	181,333	
484,849376	181,328	
489,694934	181,325	
494,533492	181,336	
499,563423	181,335	
504,58913	181,35	
509,620359	181,332	
514,650259	181,347	
519,871227	181,344	
525,079777	181,334	
530,302144	-178,655	
535,700559	-178,654	
540,917964	-178,66	
546,31623	-178,657	
551,902972	-178,661	
557,310141	-178,673	
562,893511	-178,658	
568,484839	-178,642	
574,255214	-178,631	
580,029098	-178,636	
585,809507	-178,652	
591,57314	-178,654	
597,530274	-178,619	
603,494594	-178,645	
609,643961	181,376	
615,611252	181,35	
621,756686	181,366	
628,085619	181,354	
634,23022	181,393	
640,752432	181,376	
647,085713	181,382	
653,605292	181,374	
660,121259	181,382	
666,640968	181,371	
673,345764	181,387	
680,052782	181,385	
686,950561	-178,635	
693,835325	-178,616	
700,730392	-178,625	
707,619761	-178,614	
714,699618	-178,606	
721,960626	-178,585	
729,224158	-178,59	
736,49401	-178,584	
743,765503	-178,624	
751,212491	-178,57	
758,661455	181,432	
766,292324	181,405	
773,929573	181,419	
781,754006	181,448	
789,57947	181,407	
797,405279	181,43	
805,411629	181,428	
813,419869	181,43	
821,621459	181,433	
829,811432	181,441	
838,193689	-178,541	
846,581836	-178,549	
854,957727	-178,554	
863,530577	-178,538	
872,092383	-178,534	
880,845737	-178,545	
889,603388	-178,546	
898,545575	-178,541	
907,480401	-178,513	
916,612172	181,51	
925,736967	181,469	
935,053838	181,524	
944,363937	181,524	
953,86613	181,53	
963,362548	181,559	
973,048661	181,538	
982,739278	181,51	
992,606494	-178,444	
1002,482001	-178,478	
1012,539819	-178,46	
1022,60009	-178,432	
1032,835225	-178,415	
1043,275309	-178,436	
1053,713625	-178,456	
1064,135282	181,562	
1074,751592	181,57	
1085,55269	181,582	
1096,361947	181,58	
1107,350295	181,581	
1118,528188	181,602	
1129,697162	181,619	
1140,874042	-178,353	
1152,426505	-178,397	
1163,969381	-178,399	
1175,518699	-178,401	
1187,255563	-178,368	
1199,170899	-178,325	
1211,106771	-178,367	
1223,202098	181,666	
1235,506153	181,654	
1247,793915	181,691	
1260,274287	181,682	
1272,935194	181,672	
1285,600359	181,705	
1298,459006	-178,308	
1311,498373	-178,264	
1324,535336	-178,269	
1337,948535	-178,279	
1351,175524	-178,246	
1364,768944	181,755	
1378,365093	181,742	
1392,145302	181,808	
1406,120696	181,769	
1420,087188	181,774	
1434,434075	181,823	
1448,7726	-178,201	
1463,302878	-178,199	
1477,832428	-178,148	
1492,544375	-178,18	
1507,630145	-178,153	
1522,530141	181,829	
1537,809109	181,879	
1553,265286	181,861	
1568,732823	181,86	
1584,37258	181,87	
1600,209797	-178,077	
1616,229852	-178,111	
1632,429541	-178,065	
1648,827417	-178,082	
1665,208786	-178,055	
1681,97686	182,019	
1698,744346	181,965	
1715,694476	182,003	
1732,828354	182,008	
1750,157954	-177,972	
1767,66016	-177,964	
1785,360079	-177,988	
1803,24506	-177,967	
1821,303724	182,013	
1839,559044	182,057	
1857,817097	182,099	
1876,441826	182,107	
1895,250041	-177,885	
1914,251665	-177,877	
1933,253726	-177,82	
1952,620557	-177,839	
1972,181418	182,223	
1991,924199	182,172	
2011,862219	182,201	
2031,970482	182,216	
2052,274648	-177,725	
2072,762673	-177,753	
2093,439544	-177,69	
2114,482273	-177,694	
2135,534136	182,263	
2156,95325	182,361	
2178,564054	182,335	
2200,35372	-177,706	
2222,335633	-177,597	
2244,501619	-177,642	
2267,037303	-177,559	
2289,576758	182,408	
2312,492197	182,407	
2335,583313	182,413	
2359,054425	-177,544	
2382,708666	-177,452	
2406,359197	-177,484	
2430,576358	182,527	
2454,797868	182,57	
2479,379123	182,558	
2504,152885	-177,418	
2529,114411	-177,389	
2554,448112	-177,318	
2579,967137	182,613	
2605,860106	182,664	
2631,933406	182,723	
2658,200117	-177,283	
2684,835166	-177,243	
2711,653802	-177,271	
2738,849239	182,773	
2766,234696	182,779	
2793,802519	182,766	
2821,73563	-177,137	
2850,045531	-177,09	
2878,556642	-177,138	
2907,233648	182,967	
2936,291137	182,944	
2965,724475	-177,071	
2995,335208	-177,008	
3025,321423	-177,015	
3055,49396	183,024	
3086,045929	183,08	
3116,972173	-176,913	
3148,079117	-176,893	
3179,548306	-176,876	
3211,401389	183,139	
3243,440652	183,246	
3276,038612	-176,863	
3308,636317	-176,733	
3341,786699	183,292	
3375,131518	183,268	
3409,035134	-176,729	
3443,118008	-176,654	
3477,583408	-176,57	
3512,223656	183,403	
3547,430392	183,441	
3582,821624	-176,546	
3618,770407	-176,423	
3654,905117	183,517	
3691,409931	183,55	
3728,292824	-176,348	
3765,546507	-176,393	
3803,364814	183,636	
3841,352248	183,675	
3879,72647	-176,318	
3918,469957	-176,254	
3957,770413	183,742	
3997,256515	183,756	
4037,306945	-176,091	
4077,733888	-176,206	
4118,324194	183,917	
4159,687664	183,985	
4201,221846	-176,055	
4243,13082	184,024	
4285,597168	184,08	
4328,440459	-175,859	
4371,837431	-175,847	
4415,430421	184,122	
4459,56688	184,178	
4504,276606	-175,696	
4549,347828	184,341	
4594,803562	184,179	
4640,809454	-175,739	
4687,185267	-175,664	
4733,936525	184,385	
4781,436863	-175,507	
4829,123725	-175,416	
4877,368128	184,515	
4926,16778	-175,396	
4975,533003	-175,356	
5025,265401	184,709	
5075,552049	-175,38	
5126,220433	-175,211	
5177,437553	184,81	
5229,222315	-175,175	
5281,561477	-175,136	
5334,45794	184,902	
5387,733305	-175,039	
5441,571343	-175,015	
5495,954848	185,088	
5551,094356	-175,017	
5606,587561	185,26	
5662,6595	185,11	
5719,291097	-174,708	
5776,466822	185,269	
5834,214009	-174,722	
5892,505251	-174,662	
5951,369424	185,387	
6010,969881	-174,543	
6071,149076	185,59	
6131,672684	-174,404	
6193,15037	-174,363	
6254,985727	185,674	
6317,570252	-174,225	
6380,715388	185,907	
6444,606544	-174,226	
6509,057425	-174,13	
6574,051351	185,954	
6639,810368	-173,973	
6706,314649	186,122	
6773,363092	-173,762	
6840,977691	186,091	
6909,338404	-173,809	
6978,44736	186,274	
7048,287824	-173,68	
7118,695452	-173,459	
7190,039412	186,482	
7261,946962	-173,618	
7334,58228	186,545	
7407,780432	-173,317	
7481,914765	186,736	
7556,797628	-173,221	
7632,227388	187,083	
7708,600835	-173,127	
7785,716102	187,054	
7863,56932	-172,882	
7942,180453	186,858	
8021,729662	-172,813	
8101,805452	-172,657	
8182,832604	187,482	
8264,608751	-172,598	
8347,305353	187,47	
8430,754965	-172,595	
8515,132329	187,517	
8600,253232	-172,323	
8686,303816	187,788	
8773,113769	-172,091	
8860,838438	-172,123	
8949,506226	187,94	
9038,909187	-171,928	
9129,439866	188,177	
9220,704447	-171,883	
9312,903112	-171,711	
9406,051273	188,121	
9500,106561	-171,75	
9595,102673	188,679	
9691,032947	-171,298	
9787,885658	-171,253	
9885,859994	188,88	
9984,579659	-171,209	
10084,423142	-171,202	
10185,370152	189,042	
10287,257655	-170,938	
10390,081818	-170,81	
10494,017251	189,168	
10598,883028	-170,775	
10704,872012	-170,425	
10811,970131	189,683	
10920,004714	189,712	
11029,345492	-170,421	
11139,614844	-170,081	
11250,999328	190,108	
11363,510834	-169,798	
11477,12815	-169,785	
11591,861697	-169,712	
11707,72871	190,255	
11824,883752	190,612	
11943,160598	-169,483	
12062,554091	-169,307	
12183,076265	190,984	
12305,073055	190,851	
12428,021645	191,052	
12552,247049	-168,698	
12677,799411	-168,592	
12804,637398	-168,748	
12932,606808	191,77	
13062,059701	191,557	
13192,62826	191,505	
13324,514623	-167,952	
13457,876708	-168,101	
13592,349566	-168,267	
13728,33117	-167,537	
13865,608232	-167,73	
14004,189187	192,231	
14144,269684	192,748	
14285,640182	192,597	
14428,505256	192,722	
14572,857377	192,898	
14718,51654	193,293	
14865,857931	193,055	
15014,490199	193,441	
15164,632857	193,804	
15316,253423	193,665	
15469,345916	193,577	
15624,139239	193,883	
15780,228475	193,971	
15938,184916	193,921	
16097,446519	194,242	
16258,556477	194,587	
16420,989954	194,688	
16585,275332	-165,302	
16751,047726	-165,007	
16918,69335	-165,105	
17087,822348	-164,913	
17258,624615	-164,69	
17431,292983	195,882	
17605,634018	195,563	
17781,650393	195,822	
17959,543523	-164,227	
18139,107765	-163,932	
18320,527749	-163,843	
18503,630823	196,357	
18688,754206	196,877	
18875,603312	-163,149	
19064,245135	-162,892	
19255,013238	196,9	
19447,618515	197,447	
19642,076505	-162,808	
19838,407135	-162,253	
20036,764298	197,848	
20036,787823	197,7	
20036,780831	197,722	
20036,784571	197,444	
20036,77874	197,996	
20036,775224	197,95	
20036,777415	198,192	
20036,768367	198,09	
