0	0.0617962	0	0.0352573	
2.2E-6	0.00649608	2.2E-6	-0.0194309	
4.4E-6	-0.0475158	4.4E-6	-0.0726698	
6.6E-6	-0.0969864	6.6E-6	-0.119886	
8.8E-6	-0.14037	8.8E-6	-0.157537	
1.1E-5	-0.171386	1.1E-5	-0.182304	
1.32E-5	-0.186105	1.32E-5	-0.189519	
1.54E-5	-0.18691	1.54E-5	-0.182046	
1.76E-5	-0.172416	1.76E-5	-0.159598	
1.98E-5	-0.14198	1.98E-5	-0.122559	
2.2E-5	-0.0998207	2.2E-5	-0.0749243	
2.42E-5	-0.049416	2.42E-5	-0.0222974	
2.64E-5	0.00501454	2.64E-5	0.0330672	
2.86E-5	0.0599604	2.86E-5	0.0851466	
3.08E-5	0.109302	3.08E-5	0.132363	
3.3E-5	0.150045	3.3E-5	0.165536	
3.52E-5	0.179289	3.52E-5	0.187051	
3.74E-5	0.19156	3.74E-5	0.192397	
3.96E-5	0.188726	3.96E-5	0.182252	
4.18E-5	0.170786	4.18E-5	0.155745	
4.4E-5	0.138514	4.4E-5	0.116645	
4.62E-5	0.0935527	4.62E-5	0.0696226	
4.84E-5	0.0424073	4.84E-5	0.015643	
5.06E-5	-0.0126029	5.06E-5	-0.0393029	
5.28E-5	-0.0660029	5.28E-5	-0.091479	
5.5E-5	-0.113895	5.5E-5	-0.135893	
5.72E-5	-0.153607	5.72E-5	-0.167972	
5.94E-5	-0.179116	5.94E-5	-0.185976	
6.16E-5	-0.189615	6.16E-5	-0.188069	
6.38E-5	-0.184108	6.38E-5	-0.175412	
6.6E-5	-0.163044	6.6E-5	-0.146554	
6.82E-5	-0.128067	6.82E-5	-0.106166	
7.04E-5	-0.0822998	7.04E-5	-0.0575645	
7.26E-5	-0.0287066	7.26E-5	-0.00248979	
7.48E-5	0.0255951	7.48E-5	0.0524239	
7.7E-5	0.0778677	7.7E-5	0.103086	
7.92E-5	0.12518	7.92E-5	0.1456	
8.14E-5	0.161349	8.14E-5	0.175553	
8.36E-5	0.1847	8.36E-5	0.190143	
8.58E-5	0.191785	8.58E-5	0.191141	
8.8E-5	0.184152	8.8E-5	0.174619	
9.02E-5	0.16019	9.02E-5	0.143764	
9.24E-5	0.123538	9.24E-5	0.101379	
9.46E-5	0.0762573	9.46E-5	0.0509423	
9.68E-5	0.0242102	9.68E-5	-0.00471211	
9.9E-5	-0.0313799	9.9E-5	-0.0581764	
0.000101	-0.0843289	0.000101	-0.106262	
0.000103	-0.129902	0.000103	-0.148873	
0.000106	-0.163688	0.000106	-0.175508	
0.000108	-0.185074	0.000108	-0.18881	
0.00011	-0.190517	0.00011	-0.184881	
0.000112	-0.178117	0.000112	-0.16546	
0.000114	-0.151159	0.000114	-0.134379	
0.000117	-0.112994	0.000117	-0.090867	
0.000119	-0.0643603	0.000119	-0.0386587	
0.000121	-0.00896349	0.000121	0.0166736	
0.000123	0.0450162	0.000123	0.0704278	
0.000125	0.0960327	0.000125	0.118868	
0.000128	0.139158	0.000128	0.156969	
0.00013	0.170496	0.00013	0.181576	
0.000132	0.189144	0.000132	0.19156	
0.000134	0.190723	0.000134	0.18631	
0.000136	0.177002	0.000136	0.165053	
0.000139	0.148627	0.000139	0.129947	
0.000141	0.107273	0.000141	0.0838261	
0.000143	0.059123	0.000143	0.0307805	
0.000145	0.00379065	0.000145	-0.0235212	
0.000147	-0.0504789	0.000147	-0.0771466	
0.00015	-0.10156	0.00015	-0.124975	
0.000152	-0.143269	0.000152	-0.159662	
0.000154	-0.173286	0.000154	-0.183657	
0.000156	-0.18691	0.000156	-0.188939	
0.000158	-0.187522	0.000158	-0.180855	
0.000161	-0.170806	0.000161	-0.156152	
0.000163	-0.139243	0.000163	-0.119177	
0.000165	-0.0968254	0.000165	-0.0715425	
0.000167	-0.0459054	0.000167	-0.0180138	
0.000169	0.00984565	0.000169	0.0361269	
0.000172	0.0639219	0.000172	0.0892047	
0.000174	0.111879	0.000174	0.133812	
0.000176	0.152557	0.000176	0.168532	
0.000178	0.18003	0.000178	0.187824	
0.00018	0.191914	0.00018	0.191946	
0.000183	0.187953	0.000183	0.18003	
0.000185	0.168435	0.000185	0.153265	
0.000187	0.136099	0.000187	0.115422	
0.000189	0.0908795	0.000189	0.0656289	
0.000191	0.0394121	0.000191	0.0117781	
0.000194	-0.015727	0.000194	-0.0425558	
0.000196	-0.0696101	0.000196	-0.0944743	
0.000198	-0.116343	0.000198	-0.138437	
0.0002	-0.154896	0.0002	-0.169936	
0.000202	-0.180114	0.000202	-0.188037	
0.000205	-0.188971	0.000205	-0.189325	
0.000207	-0.183592	0.000207	-0.17335	
0.000209	-0.161176	0.000209	-0.14591	
0.000211	-0.125265	0.000211	-0.10346	
0.000213	-0.0792723	0.000213	-0.0530555	
0.000216	-0.0266454	0.000216	0.00153614	
0.000218	0.0288158	0.000218	0.0559023